-- Movement Data
return {
	{ t=1757320840.7011, cf=CFrame.new(314.5673, 109.4283, -918.0363, -0.3786, 0.0000, 0.9255, 0.0000, 1.0000, -0.0000, -0.9255, 0.0000, -0.3786), ws=22.00, j=false },
	{ t=1757320840.7165, cf=CFrame.new(314.5673, 109.4283, -918.0363, -0.3786, 0.0000, 0.9255, 0.0000, 1.0000, -0.0000, -0.9255, 0.0000, -0.3786), ws=22.00, j=false },
	{ t=1757320840.7327, cf=CFrame.new(314.5673, 109.4283, -918.0363, -0.3786, 0.0000, 0.9255, 0.0000, 1.0000, -0.0000, -0.9255, 0.0000, -0.3786), ws=22.00, j=false },
	{ t=1757320840.7488, cf=CFrame.new(314.5673, 109.4283, -918.0363, -0.3786, 0.0000, 0.9255, 0.0000, 1.0000, -0.0000, -0.9255, 0.0000, -0.3786), ws=22.00, j=false },
	{ t=1757320840.7685, cf=CFrame.new(314.5673, 109.4283, -918.0363, -0.3786, 0.0000, 0.9255, 0.0000, 1.0000, -0.0000, -0.9255, 0.0000, -0.3786), ws=22.00, j=false },
	{ t=1757320840.7848, cf=CFrame.new(314.5673, 109.4283, -918.0363, -0.3786, -0.0000, 0.9255, -0.0000, 1.0000, 0.0000, -0.9255, -0.0000, -0.3786), ws=22.00, j=false },
	{ t=1757320840.8020, cf=CFrame.new(314.5673, 109.4283, -918.0363, -0.3786, -0.0000, 0.9255, -0.0000, 1.0000, 0.0000, -0.9255, -0.0000, -0.3786), ws=22.00, j=false },
	{ t=1757320840.8207, cf=CFrame.new(314.5673, 109.4283, -918.0363, -0.3786, -0.0000, 0.9255, -0.0000, 1.0000, 0.0000, -0.9255, -0.0000, -0.3786), ws=22.00, j=false },
	{ t=1757320840.8301, cf=CFrame.new(314.5673, 109.4283, -918.0363, -0.3786, -0.0000, 0.9255, -0.0000, 1.0000, 0.0000, -0.9255, -0.0000, -0.3786), ws=22.00, j=false },
	{ t=1757320840.8497, cf=CFrame.new(314.5673, 109.4283, -918.0363, -0.3786, -0.0000, 0.9255, -0.0000, 1.0000, 0.0000, -0.9255, -0.0000, -0.3786), ws=22.00, j=false },
	{ t=1757320840.8664, cf=CFrame.new(314.5673, 109.4283, -918.0363, -0.3786, -0.0000, 0.9255, -0.0000, 1.0000, 0.0000, -0.9255, -0.0000, -0.3786), ws=22.00, j=false },
	{ t=1757320840.8826, cf=CFrame.new(314.5673, 109.4283, -918.0363, -0.3786, -0.0000, 0.9255, -0.0000, 1.0000, 0.0000, -0.9255, -0.0000, -0.3786), ws=22.00, j=false },
	{ t=1757320840.8999, cf=CFrame.new(314.5673, 109.4283, -918.0363, -0.3786, 0.0000, 0.9255, 0.0000, 1.0000, -0.0000, -0.9255, 0.0000, -0.3786), ws=22.00, j=false },
	{ t=1757320840.9155, cf=CFrame.new(314.5673, 109.4283, -918.0363, -0.3786, 0.0000, 0.9255, 0.0000, 1.0000, -0.0000, -0.9255, 0.0000, -0.3786), ws=22.00, j=false },
	{ t=1757320840.9366, cf=CFrame.new(314.5673, 109.4283, -918.0363, -0.3786, 0.0000, 0.9255, 0.0000, 1.0000, -0.0000, -0.9255, 0.0000, -0.3786), ws=22.00, j=false },
	{ t=1757320840.9508, cf=CFrame.new(314.5673, 109.4283, -918.0363, -0.3786, 0.0000, 0.9255, 0.0000, 1.0000, -0.0000, -0.9255, 0.0000, -0.3786), ws=22.00, j=false },
	{ t=1757320840.9661, cf=CFrame.new(314.5673, 109.4283, -918.0363, -0.3786, 0.0000, 0.9255, 0.0000, 1.0000, -0.0000, -0.9255, 0.0000, -0.3786), ws=22.00, j=false },
	{ t=1757320840.9831, cf=CFrame.new(314.5673, 109.4283, -918.0363, -0.3786, 0.0000, 0.9255, 0.0000, 1.0000, -0.0000, -0.9255, 0.0000, -0.3786), ws=22.00, j=false },
	{ t=1757320841.0029, cf=CFrame.new(314.5673, 109.4283, -918.0363, -0.3786, 0.0000, 0.9255, 0.0000, 1.0000, -0.0000, -0.9255, 0.0000, -0.3786), ws=22.00, j=false },
	{ t=1757320841.0228, cf=CFrame.new(314.4184, 109.4283, -918.0334, -0.3386, -0.0000, 0.9409, -0.0000, 1.0000, 0.0000, -0.9409, -0.0000, -0.3386), ws=22.00, j=false },
	{ t=1757320841.0490, cf=CFrame.new(314.0005, 109.4283, -918.0161, -0.2891, -0.0000, 0.9573, -0.0000, 1.0000, 0.0000, -0.9573, -0.0000, -0.2891), ws=22.00, j=false },
	{ t=1757320841.0779, cf=CFrame.new(313.4523, 109.4283, -917.9750, -0.2438, -0.0000, 0.9698, -0.0000, 1.0000, 0.0000, -0.9698, -0.0000, -0.2438), ws=22.00, j=false },
	{ t=1757320841.1058, cf=CFrame.new(312.7693, 109.4283, -917.7168, -0.2657, -0.0000, 0.9641, -0.0000, 1.0000, -0.0000, -0.9641, -0.0000, -0.2657), ws=22.00, j=false },
	{ t=1757320841.1297, cf=CFrame.new(312.2843, 109.4283, -917.4580, -0.3063, -0.0000, 0.9519, -0.0000, 1.0000, 0.0000, -0.9519, -0.0000, -0.3063), ws=22.00, j=false },
	{ t=1757320841.1514, cf=CFrame.new(311.8082, 109.4283, -917.1826, -0.3476, -0.0000, 0.9376, -0.0000, 1.0000, 0.0000, -0.9376, -0.0000, -0.3476), ws=22.00, j=false },
	{ t=1757320841.1748, cf=CFrame.new(311.4121, 109.4283, -916.9520, -0.3761, -0.0000, 0.9266, -0.0000, 1.0000, 0.0000, -0.9266, -0.0000, -0.3761), ws=22.00, j=false },
	{ t=1757320841.1986, cf=CFrame.new(311.0080, 109.4283, -916.7360, -0.3946, -0.0000, 0.9189, -0.0000, 1.0000, 0.0000, -0.9189, -0.0000, -0.3946), ws=22.00, j=false },
	{ t=1757320841.2252, cf=CFrame.new(310.4330, 109.4283, -916.4512, -0.4079, -0.0000, 0.9130, -0.0000, 1.0000, 0.0000, -0.9130, -0.0000, -0.4079), ws=22.00, j=false },
	{ t=1757320841.2502, cf=CFrame.new(309.9384, 109.4283, -916.2107, -0.4145, -0.0000, 0.9100, -0.0000, 1.0000, 0.0000, -0.9100, -0.0000, -0.4145), ws=22.00, j=false },
	{ t=1757320841.2697, cf=CFrame.new(309.4417, 109.4283, -915.9746, -0.4180, -0.0000, 0.9084, -0.0000, 1.0000, -0.0000, -0.9084, -0.0000, -0.4180), ws=22.00, j=false },
	{ t=1757320841.2828, cf=CFrame.new(309.1103, 109.4283, -915.8176, -0.4196, -0.0000, 0.9077, -0.0000, 1.0000, -0.0000, -0.9077, -0.0000, -0.4196), ws=22.00, j=false },
	{ t=1757320841.3056, cf=CFrame.new(308.6962, 109.4283, -915.6214, -0.4211, -0.0000, 0.9070, -0.0000, 1.0000, -0.0000, -0.9070, -0.0000, -0.4211), ws=22.00, j=false },
	{ t=1757320841.3264, cf=CFrame.new(308.3617, 109.4283, -915.4713, -0.4201, -0.0000, 0.9075, -0.0000, 1.0000, -0.0000, -0.9075, -0.0000, -0.4201), ws=22.00, j=false },
	{ t=1757320841.3515, cf=CFrame.new(307.9379, 109.4283, -915.2968, -0.4143, -0.0000, 0.9101, -0.0000, 1.0000, -0.0000, -0.9101, -0.0000, -0.4143), ws=22.00, j=false },
	{ t=1757320841.3730, cf=CFrame.new(307.4231, 109.4283, -915.1035, -0.4024, -0.0000, 0.9154, -0.0000, 1.0000, 0.0000, -0.9154, -0.0000, -0.4024), ws=22.00, j=false },
	{ t=1757320841.3910, cf=CFrame.new(306.9919, 109.4283, -914.9480, -0.3918, -0.0000, 0.9201, -0.0000, 1.0000, 0.0000, -0.9201, -0.0000, -0.3918), ws=22.00, j=false },
	{ t=1757320841.4075, cf=CFrame.new(306.6455, 109.4283, -914.8278, -0.3832, -0.0000, 0.9237, -0.0000, 1.0000, 0.0000, -0.9237, -0.0000, -0.3832), ws=22.00, j=false },
	{ t=1757320841.4233, cf=CFrame.new(306.2986, 109.4283, -914.7092, -0.3750, -0.0000, 0.9270, -0.0000, 1.0000, 0.0000, -0.9270, -0.0000, -0.3750), ws=22.00, j=false },
	{ t=1757320841.4395, cf=CFrame.new(305.9516, 109.4283, -914.5906, -0.3678, -0.0000, 0.9299, -0.0000, 1.0000, 0.0000, -0.9299, -0.0000, -0.3678), ws=22.00, j=false },
	{ t=1757320841.4556, cf=CFrame.new(305.6062, 109.4283, -914.4674, -0.3630, -0.0000, 0.9318, -0.0000, 1.0000, 0.0000, -0.9318, -0.0000, -0.3630), ws=22.00, j=false },
	{ t=1757320841.4748, cf=CFrame.new(305.2619, 109.4283, -914.3413, -0.3600, -0.0000, 0.9330, -0.0000, 1.0000, 0.0000, -0.9330, -0.0000, -0.3600), ws=22.00, j=false },
	{ t=1757320841.4936, cf=CFrame.new(304.9186, 109.4283, -914.2125, -0.3585, -0.0000, 0.9335, -0.0000, 1.0000, 0.0000, -0.9335, -0.0000, -0.3585), ws=22.00, j=false },
	{ t=1757320841.5094, cf=CFrame.new(304.4916, 109.4283, -914.0459, -0.3589, -0.0000, 0.9334, -0.0000, 1.0000, 0.0000, -0.9334, -0.0000, -0.3589), ws=22.00, j=false },
	{ t=1757320841.5253, cf=CFrame.new(304.1508, 109.4283, -913.9105, -0.3601, -0.0000, 0.9329, -0.0000, 1.0000, 0.0000, -0.9329, -0.0000, -0.3601), ws=22.00, j=false },
	{ t=1757320841.5412, cf=CFrame.new(303.8106, 109.4283, -913.7736, -0.3618, -0.0000, 0.9322, -0.0000, 1.0000, 0.0000, -0.9322, -0.0000, -0.3618), ws=22.00, j=false },
	{ t=1757320841.5574, cf=CFrame.new(303.4705, 109.4283, -913.6367, -0.3635, -0.0000, 0.9316, -0.0000, 1.0000, 0.0000, -0.9316, -0.0000, -0.3635), ws=22.00, j=false },
	{ t=1757320841.5755, cf=CFrame.new(303.1304, 109.4283, -913.4997, -0.3649, -0.0000, 0.9310, -0.0000, 1.0000, 0.0000, -0.9310, -0.0000, -0.3649), ws=22.00, j=false },
	{ t=1757320841.5946, cf=CFrame.new(302.7910, 109.4283, -913.3607, -0.3667, -0.0000, 0.9303, -0.0000, 1.0000, 0.0000, -0.9303, -0.0000, -0.3667), ws=22.00, j=false },
	{ t=1757320841.6164, cf=CFrame.new(302.3670, 109.4283, -913.1868, -0.3689, -0.0000, 0.9295, -0.0000, 1.0000, 0.0000, -0.9295, -0.0000, -0.3689), ws=22.00, j=false },
	{ t=1757320841.6443, cf=CFrame.new(301.9453, 109.4283, -913.0071, -0.3725, -0.0000, 0.9280, -0.0000, 1.0000, 0.0000, -0.9280, -0.0000, -0.3725), ws=22.00, j=false },
	{ t=1757320841.6700, cf=CFrame.new(301.3675, 109.4283, -912.7283, -0.3861, -0.0000, 0.9224, -0.0000, 1.0000, 0.0000, -0.9224, -0.0000, -0.3861), ws=22.00, j=false },
	{ t=1757320841.6904, cf=CFrame.new(300.9674, 109.4283, -912.5048, -0.4026, -0.0000, 0.9154, -0.0000, 1.0000, 0.0000, -0.9154, -0.0000, -0.4026), ws=22.00, j=false },
	{ t=1757320841.7067, cf=CFrame.new(300.4977, 109.4283, -912.2186, -0.4266, -0.0000, 0.9045, -0.0000, 1.0000, 0.0000, -0.9045, -0.0000, -0.4266), ws=22.00, j=false },
	{ t=1757320841.7201, cf=CFrame.new(300.2633, 109.4283, -912.0747, -0.4373, -0.0000, 0.8993, -0.0000, 1.0000, 0.0000, -0.8993, -0.0000, -0.4373), ws=22.00, j=false },
	{ t=1757320841.7363, cf=CFrame.new(300.0289, 109.4283, -911.9308, -0.4467, -0.0000, 0.8947, -0.0000, 1.0000, 0.0000, -0.8947, -0.0000, -0.4467), ws=22.00, j=false },
	{ t=1757320841.7492, cf=CFrame.new(299.7165, 109.4283, -911.7391, -0.4576, -0.0000, 0.8892, -0.0000, 1.0000, 0.0000, -0.8892, -0.0000, -0.4576), ws=22.00, j=false },
	{ t=1757320841.7695, cf=CFrame.new(299.3259, 109.4283, -911.4993, -0.4692, -0.0000, 0.8831, -0.0000, 1.0000, 0.0000, -0.8831, -0.0000, -0.4692), ws=22.00, j=false },
	{ t=1757320841.7884, cf=CFrame.new(299.0916, 109.4283, -911.3555, -0.4752, -0.0000, 0.8799, -0.0000, 1.0000, 0.0000, -0.8799, -0.0000, -0.4752), ws=22.00, j=false },
	{ t=1757320841.8094, cf=CFrame.new(298.6990, 109.4283, -911.1189, -0.4826, -0.0000, 0.8758, -0.0000, 1.0000, 0.0000, -0.8758, -0.0000, -0.4826), ws=22.00, j=false },
	{ t=1757320841.8226, cf=CFrame.new(298.3038, 109.4283, -910.8868, -0.4872, -0.0000, 0.8733, -0.0000, 1.0000, 0.0000, -0.8733, -0.0000, -0.4872), ws=22.00, j=false },
	{ t=1757320841.8388, cf=CFrame.new(298.0669, 109.4283, -910.7471, -0.4895, -0.0000, 0.8720, -0.0000, 1.0000, 0.0000, -0.8720, -0.0000, -0.4895), ws=22.00, j=false },
	{ t=1757320841.8521, cf=CFrame.new(297.7513, 109.4283, -910.5605, -0.4921, -0.0000, 0.8705, -0.0000, 1.0000, 0.0000, -0.8705, -0.0000, -0.4921), ws=22.00, j=false },
	{ t=1757320841.8700, cf=CFrame.new(297.4355, 109.4283, -910.3740, -0.4945, -0.0000, 0.8692, -0.0000, 1.0000, 0.0000, -0.8692, -0.0000, -0.4945), ws=22.00, j=false },
	{ t=1757320841.8880, cf=CFrame.new(297.1209, 109.4283, -910.1857, -0.4970, -0.0000, 0.8678, -0.0000, 1.0000, 0.0000, -0.8678, -0.0000, -0.4970), ws=22.00, j=false },
	{ t=1757320841.9062, cf=CFrame.new(296.8079, 109.4283, -909.9948, -0.5001, -0.0000, 0.8660, -0.0000, 1.0000, 0.0000, -0.8660, -0.0000, -0.5001), ws=22.00, j=false },
	{ t=1757320841.9232, cf=CFrame.new(296.4958, 109.4283, -909.8023, -0.5035, -0.0000, 0.8640, -0.0000, 1.0000, 0.0000, -0.8640, -0.0000, -0.5035), ws=22.00, j=false },
	{ t=1757320841.9389, cf=CFrame.new(296.1059, 109.4283, -909.5615, -0.5073, -0.0000, 0.8618, -0.0000, 1.0000, 0.0000, -0.8618, -0.0000, -0.5073), ws=22.00, j=false },
	{ t=1757320841.9530, cf=CFrame.new(295.8720, 109.4283, -909.4169, -0.5093, -0.0000, 0.8606, -0.0000, 1.0000, 0.0000, -0.8606, -0.0000, -0.5093), ws=22.00, j=false },
	{ t=1757320841.9730, cf=CFrame.new(295.5601, 110.2937, -909.2243, -0.5119, -0.0000, 0.8591, -0.0000, 1.0000, 0.0000, -0.8591, -0.0000, -0.5119), ws=22.00, j=true },
	{ t=1757320841.9955, cf=CFrame.new(295.2482, 111.1047, -909.0316, -0.5139, -0.0000, 0.8578, -0.0000, 1.0000, 0.0000, -0.8578, -0.0000, -0.5139), ws=22.00, j=false },
	{ t=1757320842.0139, cf=CFrame.new(294.7803, 112.2189, -908.7427, -0.5164, -0.0000, 0.8564, -0.0000, 1.0000, 0.0000, -0.8564, -0.0000, -0.5164), ws=22.00, j=false },
	{ t=1757320842.0283, cf=CFrame.new(294.4684, 112.8936, -908.5500, -0.5177, -0.0000, 0.8556, -0.0000, 1.0000, 0.0000, -0.8556, -0.0000, -0.5177), ws=22.00, j=false },
	{ t=1757320842.0430, cf=CFrame.new(294.2345, 113.3639, -908.4055, -0.5185, -0.0000, 0.8550, -0.0000, 1.0000, 0.0000, -0.8550, -0.0000, -0.5185), ws=22.00, j=false },
	{ t=1757320842.0589, cf=CFrame.new(293.9226, 113.9432, -908.2129, -0.5195, -0.0000, 0.8544, -0.0000, 1.0000, 0.0000, -0.8544, -0.0000, -0.5195), ws=22.00, j=false },
	{ t=1757320842.0793, cf=CFrame.new(293.6096, 114.4681, -908.0220, -0.5199, -0.0000, 0.8542, -0.0000, 1.0000, 0.0000, -0.8542, -0.0000, -0.5199), ws=22.00, j=false },
	{ t=1757320842.1021, cf=CFrame.new(293.2167, 115.0474, -907.7859, -0.5192, -0.0000, 0.8546, -0.0000, 1.0000, 0.0000, -0.8546, -0.0000, -0.5192), ws=22.00, j=false },
	{ t=1757320842.1245, cf=CFrame.new(292.8215, 115.5417, -907.5539, -0.5173, -0.0000, 0.8558, -0.0000, 1.0000, 0.0000, -0.8558, -0.0000, -0.5173), ws=22.00, j=false },
	{ t=1757320842.1474, cf=CFrame.new(292.4240, 115.9508, -907.3257, -0.5142, -0.0000, 0.8577, -0.0000, 1.0000, 0.0000, -0.8577, -0.0000, -0.5142), ws=22.00, j=false },
	{ t=1757320842.1701, cf=CFrame.new(291.9425, 116.3293, -907.0602, -0.5083, -0.0000, 0.8612, -0.0000, 1.0000, 0.0000, -0.8612, -0.0000, -0.5083), ws=22.00, j=false },
	{ t=1757320842.1878, cf=CFrame.new(291.5370, 116.5510, -906.8467, -0.5015, -0.0000, 0.8651, -0.0000, 1.0000, 0.0000, -0.8651, -0.0000, -0.5015), ws=22.00, j=false },
	{ t=1757320842.2050, cf=CFrame.new(291.1282, 116.6876, -906.6398, -0.4934, -0.0000, 0.8698, -0.0000, 1.0000, 0.0000, -0.8698, -0.0000, -0.4934), ws=22.00, j=false },
	{ t=1757320842.2256, cf=CFrame.new(290.7979, 116.7355, -906.4809, -0.4856, -0.0000, 0.8742, -0.0000, 1.0000, 0.0000, -0.8742, -0.0000, -0.4856), ws=22.00, j=false },
	{ t=1757320842.2463, cf=CFrame.new(290.3815, 116.7188, -906.2898, -0.4745, -0.0000, 0.8803, -0.0000, 1.0000, 0.0000, -0.8803, -0.0000, -0.4745), ws=22.00, j=false },
	{ t=1757320842.2660, cf=CFrame.new(289.9611, 116.6170, -906.1078, -0.4619, -0.0000, 0.8870, -0.0000, 1.0000, 0.0000, -0.8870, -0.0000, -0.4619), ws=22.00, j=false },
	{ t=1757320842.2822, cf=CFrame.new(289.5393, 116.4300, -905.9290, -0.4498, -0.0000, 0.8931, -0.0000, 1.0000, 0.0000, -0.8931, -0.0000, -0.4498), ws=22.00, j=false },
	{ t=1757320842.3043, cf=CFrame.new(289.2017, 116.2190, -905.7859, -0.4414, -0.0000, 0.8973, -0.0000, 1.0000, 0.0000, -0.8973, -0.0000, -0.4414), ws=22.00, j=false },
	{ t=1757320842.3249, cf=CFrame.new(288.7797, 115.8787, -905.6072, -0.4325, -0.0000, 0.9016, -0.0000, 1.0000, 0.0000, -0.9016, -0.0000, -0.4325), ws=22.00, j=false },
	{ t=1757320842.3459, cf=CFrame.new(288.3624, 115.4533, -905.4180, -0.4283, -0.0000, 0.9037, -0.0000, 1.0000, 0.0000, -0.9037, -0.0000, -0.4283), ws=22.00, j=false },
	{ t=1757320842.3718, cf=CFrame.new(287.9534, 114.9427, -905.2113, -0.4309, -0.0000, 0.9024, -0.0000, 1.0000, 0.0000, -0.9024, -0.0000, -0.4309), ws=22.00, j=false },
	{ t=1757320842.3986, cf=CFrame.new(287.4687, 114.2175, -904.9510, -0.4389, -0.0000, 0.8985, -0.0000, 1.0000, 0.0000, -0.8985, -0.0000, -0.4389), ws=22.00, j=false },
	{ t=1757320842.4195, cf=CFrame.new(286.9124, 113.2166, -904.6309, -0.4527, -0.0000, 0.8917, -0.0000, 1.0000, 0.0000, -0.8917, -0.0000, -0.4527), ws=22.00, j=false },
	{ t=1757320842.4340, cf=CFrame.new(286.5987, 112.5696, -904.4408, -0.4616, -0.0000, 0.8871, -0.0000, 1.0000, 0.0000, -0.8871, -0.0000, -0.4616), ws=22.00, j=false },
	{ t=1757320842.4537, cf=CFrame.new(286.2857, 111.8682, -904.2495, -0.4701, -0.0000, 0.8826, -0.0000, 1.0000, 0.0000, -0.8826, -0.0000, -0.4701), ws=22.00, j=false },
	{ t=1757320842.4694, cf=CFrame.new(285.8945, 110.9148, -904.0104, -0.4791, -0.0000, 0.8778, -0.0000, 1.0000, 0.0000, -0.8778, -0.0000, -0.4791), ws=22.00, j=false },
	{ t=1757320842.4848, cf=CFrame.new(285.6599, 110.3019, -903.8670, -0.4837, -0.0000, 0.8752, -0.0000, 1.0000, 0.0000, -0.8752, -0.0000, -0.4837), ws=22.00, j=false },
	{ t=1757320842.5075, cf=CFrame.new(285.2687, 109.2122, -903.6280, -0.4903, -0.0000, 0.8715, -0.0000, 1.0000, 0.0000, -0.8715, -0.0000, -0.4903), ws=22.00, j=false },
	{ t=1757320842.5246, cf=CFrame.new(284.9539, 109.0722, -903.4400, -0.4938, -0.0000, 0.8696, -0.0000, 1.0000, 0.0000, -0.8696, -0.0000, -0.4938), ws=22.00, j=false },
	{ t=1757320842.5435, cf=CFrame.new(284.6371, 109.1967, -903.2554, -0.4955, -0.0000, 0.8686, -0.0000, 1.0000, 0.0000, -0.8686, -0.0000, -0.4955), ws=22.00, j=false },
	{ t=1757320842.5638, cf=CFrame.new(284.2376, 109.3143, -903.0310, -0.4951, -0.0000, 0.8689, -0.0000, 1.0000, 0.0000, -0.8689, -0.0000, -0.4951), ws=22.00, j=false },
	{ t=1757320842.5854, cf=CFrame.new(283.8355, 109.3744, -902.8111, -0.4928, -0.0000, 0.8702, -0.0000, 1.0000, 0.0000, -0.8702, -0.0000, -0.4928), ws=22.00, j=false },
	{ t=1757320842.6042, cf=CFrame.new(283.4331, 110.4477, -902.5917, -0.4901, -0.0000, 0.8716, -0.0000, 1.0000, 0.0000, -0.8716, -0.0000, -0.4901), ws=22.00, j=true },
	{ t=1757320842.6232, cf=CFrame.new(283.1063, 111.2450, -902.4257, -0.4857, -0.0000, 0.8741, -0.0000, 1.0000, 0.0000, -0.8741, -0.0000, -0.4857), ws=22.00, j=false },
	{ t=1757320842.6418, cf=CFrame.new(282.6947, 112.1651, -902.2242, -0.4783, -0.0000, 0.8782, -0.0000, 1.0000, 0.0000, -0.8782, -0.0000, -0.4783), ws=22.00, j=false },
	{ t=1757320842.6583, cf=CFrame.new(282.2820, 112.9999, -902.0250, -0.4709, -0.0000, 0.8822, -0.0000, 1.0000, 0.0000, -0.8822, -0.0000, -0.4709), ws=22.00, j=false },
	{ t=1757320842.6747, cf=CFrame.new(281.9510, 113.6065, -901.8673, -0.4653, -0.0000, 0.8851, -0.0000, 1.0000, 0.0000, -0.8851, -0.0000, -0.4653), ws=22.00, j=false },
	{ t=1757320842.6899, cf=CFrame.new(281.7027, 114.0257, -901.7493, -0.4615, -0.0000, 0.8871, -0.0000, 1.0000, 0.0000, -0.8871, -0.0000, -0.4615), ws=22.00, j=false },
	{ t=1757320842.7046, cf=CFrame.new(281.3716, 114.5369, -901.5919, -0.4571, -0.0000, 0.8894, -0.0000, 1.0000, 0.0000, -0.8894, -0.0000, -0.4571), ws=22.00, j=false },
	{ t=1757320842.7182, cf=CFrame.new(281.1233, 114.8845, -901.4736, -0.4542, -0.0000, 0.8909, -0.0000, 1.0000, 0.0000, -0.8909, -0.0000, -0.4542), ws=22.00, j=false },
	{ t=1757320842.7334, cf=CFrame.new(280.7923, 115.3003, -901.3159, -0.4508, -0.0000, 0.8926, -0.0000, 1.0000, 0.0000, -0.8926, -0.0000, -0.4508), ws=22.00, j=false },
	{ t=1757320842.7517, cf=CFrame.new(280.3785, 115.7435, -901.1188, -0.4472, -0.0000, 0.8944, -0.0000, 1.0000, 0.0000, -0.8944, -0.0000, -0.4472), ws=22.00, j=false },
	{ t=1757320842.7657, cf=CFrame.new(280.1302, 115.9685, -901.0006, -0.4454, -0.0000, 0.8954, -0.0000, 1.0000, 0.0000, -0.8954, -0.0000, -0.4454), ws=22.00, j=false },
	{ t=1757320842.7865, cf=CFrame.new(279.7164, 116.2754, -900.8035, -0.4427, -0.0000, 0.8967, -0.0000, 1.0000, 0.0000, -0.8967, -0.0000, -0.4427), ws=22.00, j=false },
	{ t=1757320842.8012, cf=CFrame.new(279.4681, 116.4186, -900.6852, -0.4413, -0.0000, 0.8973, -0.0000, 1.0000, 0.0000, -0.8973, -0.0000, -0.4413), ws=22.00, j=false },
	{ t=1757320842.8204, cf=CFrame.new(279.0543, 116.5893, -900.4881, -0.4394, -0.0000, 0.8983, -0.0000, 1.0000, 0.0000, -0.8983, -0.0000, -0.4394), ws=22.00, j=false },
	{ t=1757320842.8340, cf=CFrame.new(278.8060, 116.6508, -900.3700, -0.4383, -0.0000, 0.8988, -0.0000, 1.0000, 0.0000, -0.8988, -0.0000, -0.4383), ws=22.00, j=false },
	{ t=1757320842.8513, cf=CFrame.new(278.3920, 116.6852, -900.1732, -0.4368, -0.0000, 0.8996, -0.0000, 1.0000, 0.0000, -0.8996, -0.0000, -0.4368), ws=22.00, j=false },
	{ t=1757320842.8690, cf=CFrame.new(278.0608, 116.6514, -900.0160, -0.4357, -0.0000, 0.9001, -0.0000, 1.0000, 0.0000, -0.9001, -0.0000, -0.4357), ws=22.00, j=false },
	{ t=1757320842.8874, cf=CFrame.new(277.8124, 116.5903, -899.8981, -0.4350, -0.0000, 0.9005, -0.0000, 1.0000, 0.0000, -0.9005, -0.0000, -0.4350), ws=22.00, j=false },
	{ t=1757320842.9106, cf=CFrame.new(277.3983, 116.4203, -899.7015, -0.4339, -0.0000, 0.9010, -0.0000, 1.0000, 0.0000, -0.9010, -0.0000, -0.4339), ws=22.00, j=false },
	{ t=1757320842.9376, cf=CFrame.new(276.9717, 116.1652, -899.5402, -0.4116, -0.0000, 0.9114, -0.0000, 1.0000, 0.0000, -0.9114, -0.0000, -0.4116), ws=22.00, j=false },
	{ t=1757320842.9678, cf=CFrame.new(276.3473, 115.6649, -899.4023, -0.3626, -0.0000, 0.9319, -0.0000, 1.0000, 0.0000, -0.9319, -0.0000, -0.3626), ws=22.00, j=false },
	{ t=1757320842.9897, cf=CFrame.new(275.7163, 114.9977, -899.2885, -0.3185, -0.0000, 0.9479, -0.0000, 1.0000, 0.0000, -0.9479, -0.0000, -0.3185), ws=22.00, j=false },
	{ t=1757320843.0150, cf=CFrame.new(275.2676, 114.4190, -899.1965, -0.2966, -0.0000, 0.9550, -0.0000, 1.0000, 0.0000, -0.9550, -0.0000, -0.2966), ws=22.00, j=false },
	{ t=1757320843.0427, cf=CFrame.new(274.6445, 113.4657, -899.0441, -0.2808, -0.0000, 0.9598, -0.0000, 1.0000, 0.0000, -0.9598, -0.0000, -0.2808), ws=22.00, j=false },
	{ t=1757320843.0672, cf=CFrame.new(274.1165, 112.5158, -898.8905, -0.2787, 0.0000, 0.9604, -0.0000, 1.0000, -0.0000, -0.9604, -0.0000, -0.2787), ws=22.00, j=false },
	{ t=1757320843.0969, cf=CFrame.new(273.5012, 111.2525, -898.7085, -0.2797, 0.0000, 0.9601, 0.0000, 1.0000, -0.0000, -0.9601, 0.0000, -0.2797), ws=22.00, j=false },
	{ t=1757320843.1239, cf=CFrame.new(272.9701, 110.0369, -898.5660, -0.2763, 0.0000, 0.9611, 0.0000, 1.0000, 0.0000, -0.9611, 0.0000, -0.2763), ws=22.00, j=false },
	{ t=1757320843.1476, cf=CFrame.new(272.4308, 109.1918, -898.4590, -0.2617, -0.0000, 0.9652, -0.0000, 1.0000, 0.0000, -0.9652, -0.0000, -0.2617), ws=22.00, j=false },
	{ t=1757320843.1734, cf=CFrame.new(271.8873, 109.2872, -898.3748, -0.2406, -0.0000, 0.9706, -0.0000, 1.0000, 0.0000, -0.9706, -0.0000, -0.2406), ws=22.00, j=false },
	{ t=1757320843.1946, cf=CFrame.new(271.3413, 109.3687, -898.3088, -0.2166, -0.0000, 0.9763, -0.0000, 1.0000, 0.0000, -0.9763, -0.0000, -0.2166), ws=22.00, j=false },
	{ t=1757320843.2131, cf=CFrame.new(270.7933, 109.4042, -898.2616, -0.1904, -0.0000, 0.9817, -0.0000, 1.0000, 0.0000, -0.9817, -0.0000, -0.1904), ws=22.00, j=false },
	{ t=1757320843.2302, cf=CFrame.new(270.4276, 109.4152, -898.2363, -0.1737, -0.0000, 0.9848, -0.0000, 1.0000, 0.0000, -0.9848, -0.0000, -0.1737), ws=22.00, j=false },
	{ t=1757320843.2468, cf=CFrame.new(270.0616, 109.4211, -898.2137, -0.1582, -0.0000, 0.9874, -0.0000, 1.0000, 0.0000, -0.9874, -0.0000, -0.1582), ws=22.00, j=false },
	{ t=1757320843.2657, cf=CFrame.new(269.6958, 109.4244, -898.1871, -0.1459, -0.0000, 0.9893, -0.0000, 1.0000, 0.0000, -0.9893, -0.0000, -0.1459), ws=22.00, j=false },
	{ t=1757320843.2859, cf=CFrame.new(269.2395, 109.4265, -898.1447, -0.1358, -0.0000, 0.9907, -0.0000, 1.0000, 0.0000, -0.9907, -0.0000, -0.1358), ws=22.00, j=false },
	{ t=1757320843.3071, cf=CFrame.new(268.8751, 109.4273, -898.1032, -0.1318, -0.0000, 0.9913, -0.0000, 1.0000, 0.0000, -0.9913, -0.0000, -0.1318), ws=22.00, j=false },
	{ t=1757320843.3291, cf=CFrame.new(268.3303, 109.4279, -898.0283, -0.1318, -0.0000, 0.9913, -0.0000, 1.0000, -0.0000, -0.9913, -0.0000, -0.1318), ws=22.00, j=false },
	{ t=1757320843.3470, cf=CFrame.new(267.9680, 109.4281, -897.9716, -0.1344, 0.0000, 0.9909, -0.0000, 1.0000, -0.0000, -0.9909, -0.0000, -0.1344), ws=22.00, j=false },
	{ t=1757320843.3637, cf=CFrame.new(267.5157, 109.4282, -897.8982, -0.1386, -0.0000, 0.9903, -0.0000, 1.0000, -0.0000, -0.9903, -0.0000, -0.1386), ws=22.00, j=false },
	{ t=1757320843.3807, cf=CFrame.new(267.1542, 109.4282, -897.8362, -0.1426, -0.0000, 0.9898, -0.0000, 1.0000, -0.0000, -0.9898, -0.0000, -0.1426), ws=22.00, j=false },
	{ t=1757320843.3983, cf=CFrame.new(266.7930, 109.4283, -897.7737, -0.1465, -0.0000, 0.9892, -0.0000, 1.0000, 0.0000, -0.9892, -0.0000, -0.1465), ws=22.00, j=false },
	{ t=1757320843.4126, cf=CFrame.new(266.4317, 109.4283, -897.7112, -0.1499, -0.0000, 0.9887, -0.0000, 1.0000, 0.0000, -0.9887, -0.0000, -0.1499), ws=22.00, j=false },
	{ t=1757320843.4304, cf=CFrame.new(266.0699, 109.4283, -897.6523, -0.1517, -0.0000, 0.9884, -0.0000, 1.0000, 0.0000, -0.9884, -0.0000, -0.1517), ws=22.00, j=false },
	{ t=1757320843.4508, cf=CFrame.new(265.7079, 109.4283, -897.5939, -0.1528, -0.0000, 0.9883, -0.0000, 1.0000, 0.0000, -0.9883, -0.0000, -0.1528), ws=22.00, j=false },
	{ t=1757320843.4701, cf=CFrame.new(265.2556, 109.4283, -897.5195, -0.1544, -0.0000, 0.9880, -0.0000, 1.0000, 0.0000, -0.9880, -0.0000, -0.1544), ws=22.00, j=false },
	{ t=1757320843.4889, cf=CFrame.new(264.8943, 109.4283, -897.4575, -0.1563, -0.0000, 0.9877, -0.0000, 1.0000, -0.0000, -0.9877, -0.0000, -0.1563), ws=22.00, j=false },
	{ t=1757320843.5132, cf=CFrame.new(264.4436, 109.4283, -897.3740, -0.1603, -0.0000, 0.9871, -0.0000, 1.0000, -0.0000, -0.9871, -0.0000, -0.1603), ws=22.00, j=false },
	{ t=1757320843.5368, cf=CFrame.new(263.9021, 109.4283, -897.2778, -0.1636, -0.0000, 0.9865, -0.0000, 1.0000, 0.0000, -0.9865, -0.0000, -0.1636), ws=22.00, j=false },
	{ t=1757320843.5588, cf=CFrame.new(263.4495, 109.4283, -897.2055, -0.1633, -0.0000, 0.9866, -0.0000, 1.0000, 0.0000, -0.9866, -0.0000, -0.1633), ws=22.00, j=false },
	{ t=1757320843.5817, cf=CFrame.new(262.9043, 109.4283, -897.1330, -0.1577, -0.0000, 0.9875, -0.0000, 1.0000, 0.0000, -0.9875, -0.0000, -0.1577), ws=22.00, j=false },
	{ t=1757320843.6045, cf=CFrame.new(262.4468, 109.4283, -897.1089, -0.1421, -0.0000, 0.9898, -0.0000, 1.0000, 0.0000, -0.9898, -0.0000, -0.1421), ws=22.00, j=false },
	{ t=1757320843.6291, cf=CFrame.new(261.8975, 109.4283, -897.1310, -0.1077, -0.0000, 0.9942, -0.0000, 1.0000, 0.0000, -0.9942, -0.0000, -0.1077), ws=22.00, j=false },
	{ t=1757320843.6539, cf=CFrame.new(261.3514, 109.4283, -897.1951, -0.0634, -0.0000, 0.9980, -0.0000, 1.0000, 0.0000, -0.9980, -0.0000, -0.0634), ws=22.00, j=false },
	{ t=1757320843.6773, cf=CFrame.new(260.8123, 109.4283, -897.3030, -0.0114, -0.0000, 0.9999, -0.0000, 1.0000, 0.0000, -0.9999, -0.0000, -0.0114), ws=22.00, j=false },
	{ t=1757320843.6951, cf=CFrame.new(260.3677, 109.4283, -897.4139, 0.0324, -0.0000, 0.9995, -0.0000, 1.0000, 0.0000, -0.9995, -0.0000, 0.0324), ws=22.00, j=false },
	{ t=1757320843.7118, cf=CFrame.new(259.9243, 109.4283, -897.5302, 0.0714, 0.0000, 0.9974, -0.0000, 1.0000, 0.0000, -0.9974, -0.0000, 0.0714), ws=22.00, j=false },
	{ t=1757320843.7312, cf=CFrame.new(259.6584, 109.4283, -897.6003, 0.0915, 0.0000, 0.9958, -0.0000, 1.0000, 0.0000, -0.9958, -0.0000, 0.0915), ws=22.00, j=false },
	{ t=1757320843.7517, cf=CFrame.new(259.2118, 109.4283, -897.7033, 0.1160, 0.0000, 0.9933, -0.0000, 1.0000, 0.0000, -0.9933, -0.0000, 0.1160), ws=22.00, j=false },
	{ t=1757320843.7730, cf=CFrame.new(258.7592, 109.4283, -897.7751, 0.1258, 0.0000, 0.9921, -0.0000, 1.0000, 0.0000, -0.9921, -0.0000, 0.1258), ws=22.00, j=false },
	{ t=1757320843.7983, cf=CFrame.new(258.3023, 109.4283, -897.8109, 0.1205, 0.0000, 0.9927, 0.0000, 1.0000, -0.0000, -0.9927, 0.0000, 0.1205), ws=22.00, j=false },
	{ t=1757320843.8230, cf=CFrame.new(257.6609, 109.4283, -897.8034, 0.0920, 0.0000, 0.9958, -0.0000, 1.0000, 0.0000, -0.9958, -0.0000, 0.0920), ws=22.00, j=false },
	{ t=1757320843.8472, cf=CFrame.new(257.2044, 109.4283, -897.7637, 0.0630, 0.0000, 0.9980, -0.0000, 1.0000, 0.0000, -0.9980, -0.0000, 0.0630), ws=22.00, j=false },
	{ t=1757320843.8724, cf=CFrame.new(256.6612, 109.4283, -897.6779, 0.0196, 0.0000, 0.9998, -0.0000, 1.0000, 0.0000, -0.9998, -0.0000, 0.0196), ws=22.00, j=false },
	{ t=1757320843.8996, cf=CFrame.new(256.1255, 109.4283, -897.5538, -0.0299, -0.0000, 0.9996, -0.0000, 1.0000, 0.0000, -0.9996, -0.0000, -0.0299), ws=22.00, j=false },
	{ t=1757320843.9218, cf=CFrame.new(255.5094, 109.4283, -897.3749, -0.0895, -0.0000, 0.9960, -0.0000, 1.0000, 0.0000, -0.9960, -0.0000, -0.0895), ws=22.00, j=false },
	{ t=1757320843.9404, cf=CFrame.new(255.0709, 109.4283, -897.2415, -0.1260, -0.0000, 0.9920, -0.0000, 1.0000, 0.0000, -0.9920, -0.0000, -0.1260), ws=22.00, j=false },
	{ t=1757320843.9607, cf=CFrame.new(254.7208, 109.4283, -897.1326, -0.1506, -0.0000, 0.9886, -0.0000, 1.0000, 0.0000, -0.9886, -0.0000, -0.1506), ws=22.00, j=false },
	{ t=1757320843.9761, cf=CFrame.new(254.2843, 109.4283, -896.9930, -0.1777, -0.0000, 0.9841, -0.0000, 1.0000, 0.0000, -0.9841, -0.0000, -0.1777), ws=22.00, j=false },
	{ t=1757320844.0013, cf=CFrame.new(253.8486, 109.4283, -896.8505, -0.2012, -0.0000, 0.9795, -0.0000, 1.0000, 0.0000, -0.9795, -0.0000, -0.2012), ws=22.00, j=false },
	{ t=1757320844.0220, cf=CFrame.new(253.4143, 109.4283, -896.7043, -0.2220, -0.0000, 0.9750, -0.0000, 1.0000, 0.0000, -0.9750, -0.0000, -0.2220), ws=22.00, j=false },
	{ t=1757320844.0424, cf=CFrame.new(252.9818, 109.4283, -896.5527, -0.2410, -0.0000, 0.9705, -0.0000, 1.0000, 0.0000, -0.9705, -0.0000, -0.2410), ws=22.00, j=false },
	{ t=1757320844.0617, cf=CFrame.new(252.6374, 109.4283, -896.4269, -0.2553, -0.0000, 0.9669, -0.0000, 1.0000, 0.0000, -0.9669, -0.0000, -0.2553), ws=22.00, j=false },
	{ t=1757320844.0887, cf=CFrame.new(252.0374, 109.4283, -896.1995, -0.2791, -0.0000, 0.9603, -0.0000, 1.0000, 0.0000, -0.9603, -0.0000, -0.2791), ws=22.00, j=false },
	{ t=1757320844.1305, cf=CFrame.new(251.2705, 109.4283, -895.8951, -0.3070, -0.0000, 0.9517, -0.0000, 1.0000, 0.0000, -0.9517, -0.0000, -0.3070), ws=22.00, j=false },
	{ t=1757320844.1527, cf=CFrame.new(250.6809, 109.4283, -895.6420, -0.3283, -0.0000, 0.9446, -0.0000, 1.0000, 0.0000, -0.9446, -0.0000, -0.3283), ws=22.00, j=false },
	{ t=1757320844.1844, cf=CFrame.new(250.1811, 109.4283, -895.4127, -0.3466, -0.0000, 0.9380, -0.0000, 1.0000, 0.0000, -0.9380, -0.0000, -0.3466), ws=22.00, j=false },
	{ t=1757320844.2155, cf=CFrame.new(249.6059, 109.4283, -895.1284, -0.3697, -0.0000, 0.9292, -0.0000, 1.0000, 0.0000, -0.9292, -0.0000, -0.3697), ws=22.00, j=false },
	{ t=1757320844.2395, cf=CFrame.new(249.0429, 109.4283, -894.8207, -0.3959, -0.0000, 0.9183, -0.0000, 1.0000, 0.0000, -0.9183, -0.0000, -0.3959), ws=22.00, j=false },
	{ t=1757320844.2649, cf=CFrame.new(248.5625, 109.4283, -894.5529, -0.4155, -0.0000, 0.9096, -0.0000, 1.0000, 0.0000, -0.9096, -0.0000, -0.4155), ws=22.00, j=false },
	{ t=1757320844.3048, cf=CFrame.new(247.9168, 109.4283, -894.2053, -0.4326, -0.0000, 0.9016, -0.0000, 1.0000, 0.0000, -0.9016, -0.0000, -0.4326), ws=22.00, j=false },
	{ t=1757320844.3295, cf=CFrame.new(247.2599, 109.4283, -893.8794, -0.4373, -0.0000, 0.8993, -0.0000, 1.0000, 0.0000, -0.8993, -0.0000, -0.4373), ws=22.00, j=false },
	{ t=1757320844.3702, cf=CFrame.new(246.4909, 109.4283, -893.5816, -0.4173, -0.0000, 0.9088, -0.0000, 1.0000, 0.0000, -0.9088, -0.0000, -0.4173), ws=22.00, j=false },
	{ t=1757320844.4223, cf=CFrame.new(245.5327, 109.4283, -893.2680, -0.3792, -0.0000, 0.9253, -0.0000, 1.0000, 0.0000, -0.9253, -0.0000, -0.3792), ws=22.00, j=false },
	{ t=1757320844.4560, cf=CFrame.new(244.7399, 109.4283, -893.0397, -0.3480, -0.0000, 0.9375, -0.0000, 1.0000, 0.0000, -0.9375, -0.0000, -0.3480), ws=22.00, j=false },
	{ t=1757320844.4918, cf=CFrame.new(243.9651, 109.4283, -892.7565, -0.3432, 0.0000, 0.9393, 0.0000, 1.0000, -0.0000, -0.9393, 0.0000, -0.3432), ws=22.00, j=false },
	{ t=1757320844.5423, cf=CFrame.new(242.9513, 109.4283, -892.3300, -0.3598, -0.0000, 0.9330, -0.0000, 1.0000, 0.0000, -0.9330, -0.0000, -0.3598), ws=22.00, j=false },
	{ t=1757320844.5638, cf=CFrame.new(242.3676, 109.4283, -892.0634, -0.3729, -0.0000, 0.9279, -0.0000, 1.0000, 0.0000, -0.9279, -0.0000, -0.3729), ws=22.00, j=false },
	{ t=1757320844.5868, cf=CFrame.new(241.8671, 109.4283, -891.8354, -0.3820, -0.0000, 0.9242, -0.0000, 1.0000, 0.0000, -0.9242, -0.0000, -0.3820), ws=22.00, j=false },
	{ t=1757320844.6020, cf=CFrame.new(241.5322, 109.4283, -891.6862, -0.3859, -0.0000, 0.9226, -0.0000, 1.0000, 0.0000, -0.9226, -0.0000, -0.3859), ws=22.00, j=false },
	{ t=1757320844.6267, cf=CFrame.new(241.1972, 109.4283, -891.5370, -0.3889, -0.0000, 0.9213, -0.0000, 1.0000, 0.0000, -0.9213, -0.0000, -0.3889), ws=22.00, j=false },
	{ t=1757320844.6424, cf=CFrame.new(240.7786, 109.4283, -891.3505, -0.3921, -0.0000, 0.9199, -0.0000, 1.0000, 0.0000, -0.9199, -0.0000, -0.3921), ws=22.00, j=false },
	{ t=1757320844.6623, cf=CFrame.new(240.4427, 109.4283, -891.2035, -0.3936, -0.0000, 0.9193, -0.0000, 1.0000, 0.0000, -0.9193, -0.0000, -0.3936), ws=22.00, j=false },
	{ t=1757320844.6826, cf=CFrame.new(240.0226, 109.4283, -891.0201, -0.3948, -0.0000, 0.9188, -0.0000, 1.0000, 0.0000, -0.9188, -0.0000, -0.3948), ws=22.00, j=false },
	{ t=1757320844.7025, cf=CFrame.new(239.6024, 109.4283, -890.8370, -0.3956, -0.0000, 0.9184, -0.0000, 1.0000, 0.0000, -0.9184, -0.0000, -0.3956), ws=22.00, j=false },
	{ t=1757320844.7242, cf=CFrame.new(239.1823, 109.4283, -890.6539, -0.3963, -0.0000, 0.9181, -0.0000, 1.0000, 0.0000, -0.9181, -0.0000, -0.3963), ws=22.00, j=false },
	{ t=1757320844.7481, cf=CFrame.new(238.7583, 109.4283, -890.4801, -0.3941, -0.0000, 0.9191, -0.0000, 1.0000, 0.0000, -0.9191, -0.0000, -0.3941), ws=22.00, j=false },
	{ t=1757320844.7727, cf=CFrame.new(238.2457, 109.4283, -890.2806, -0.3882, -0.0000, 0.9216, -0.0000, 1.0000, 0.0000, -0.9216, -0.0000, -0.3882), ws=22.00, j=false },
	{ t=1757320844.7987, cf=CFrame.new(237.8111, 109.4283, -890.1354, -0.3774, -0.0000, 0.9261, -0.0000, 1.0000, 0.0000, -0.9261, -0.0000, -0.3774), ws=22.00, j=false },
	{ t=1757320844.8207, cf=CFrame.new(237.2832, 109.4283, -889.9813, -0.3587, -0.0000, 0.9334, -0.0000, 1.0000, 0.0000, -0.9334, -0.0000, -0.3587), ws=22.00, j=false },
	{ t=1757320844.8407, cf=CFrame.new(236.7501, 109.4283, -889.8463, -0.3365, -0.0000, 0.9417, -0.0000, 1.0000, 0.0000, -0.9417, -0.0000, -0.3365), ws=22.00, j=false },
	{ t=1757320844.8584, cf=CFrame.new(236.3922, 109.4283, -889.7668, -0.3205, -0.0000, 0.9472, -0.0000, 1.0000, 0.0000, -0.9472, -0.0000, -0.3205), ws=22.00, j=false },
	{ t=1757320844.8768, cf=CFrame.new(235.9429, 109.4283, -889.6764, -0.3000, -0.0000, 0.9539, -0.0000, 1.0000, 0.0000, -0.9539, -0.0000, -0.3000), ws=22.00, j=false },
	{ t=1757320844.8984, cf=CFrame.new(235.4928, 109.4283, -889.5898, -0.2810, -0.0000, 0.9597, -0.0000, 1.0000, 0.0000, -0.9597, -0.0000, -0.2810), ws=22.00, j=false },
	{ t=1757320844.9139, cf=CFrame.new(235.0416, 109.4283, -889.5088, -0.2633, -0.0000, 0.9647, -0.0000, 1.0000, 0.0000, -0.9647, -0.0000, -0.2633), ws=22.00, j=false },
	{ t=1757320844.9280, cf=CFrame.new(234.7709, 109.4283, -889.4605, -0.2539, -0.0000, 0.9672, -0.0000, 1.0000, 0.0000, -0.9672, -0.0000, -0.2539), ws=22.00, j=false },
	{ t=1757320844.9448, cf=CFrame.new(234.4099, 109.4283, -889.3962, -0.2429, -0.0000, 0.9700, -0.0000, 1.0000, 0.0000, -0.9700, -0.0000, -0.2429), ws=22.00, j=false },
	{ t=1757320844.9677, cf=CFrame.new(234.0489, 109.4283, -889.3320, -0.2334, -0.0000, 0.9724, -0.0000, 1.0000, 0.0000, -0.9724, -0.0000, -0.2334), ws=22.00, j=false },
	{ t=1757320844.9860, cf=CFrame.new(233.5994, 109.4283, -889.2425, -0.2261, -0.0000, 0.9741, -0.0000, 1.0000, 0.0000, -0.9741, -0.0000, -0.2261), ws=22.00, j=false },
	{ t=1757320845.0091, cf=CFrame.new(233.1524, 109.4283, -889.1412, -0.2242, -0.0000, 0.9745, -0.0000, 1.0000, 0.0000, -0.9745, -0.0000, -0.2242), ws=22.00, j=false },
	{ t=1757320845.0285, cf=CFrame.new(232.7085, 109.4283, -889.0270, -0.2276, -0.0000, 0.9738, -0.0000, 1.0000, -0.0000, -0.9738, -0.0000, -0.2276), ws=22.00, j=false },
	{ t=1757320845.0521, cf=CFrame.new(232.2673, 109.4283, -888.9030, -0.2343, -0.0000, 0.9722, -0.0000, 1.0000, -0.0000, -0.9722, -0.0000, -0.2343), ws=22.00, j=false },
	{ t=1757320845.0673, cf=CFrame.new(231.8277, 109.4283, -888.7734, -0.2424, -0.0000, 0.9702, -0.0000, 1.0000, 0.0000, -0.9702, -0.0000, -0.2424), ws=22.00, j=false },
	{ t=1757320845.0812, cf=CFrame.new(231.4767, 109.4283, -888.6674, -0.2489, -0.0000, 0.9685, -0.0000, 1.0000, 0.0000, -0.9685, -0.0000, -0.2489), ws=22.00, j=false },
	{ t=1757320845.0960, cf=CFrame.new(231.2135, 109.4283, -888.5875, -0.2533, -0.0000, 0.9674, -0.0000, 1.0000, 0.0000, -0.9674, -0.0000, -0.2533), ws=22.00, j=false },
	{ t=1757320845.1101, cf=CFrame.new(230.9504, 109.4283, -888.5077, -0.2572, -0.0000, 0.9664, -0.0000, 1.0000, 0.0000, -0.9664, -0.0000, -0.2572), ws=22.00, j=false },
	{ t=1757320845.1295, cf=CFrame.new(230.5117, 109.4283, -888.3746, -0.2629, -0.0000, 0.9648, -0.0000, 1.0000, 0.0000, -0.9648, -0.0000, -0.2629), ws=22.00, j=false },
	{ t=1757320845.1448, cf=CFrame.new(230.1609, 109.4283, -888.2681, -0.2668, -0.0000, 0.9637, -0.0000, 1.0000, 0.0000, -0.9637, -0.0000, -0.2668), ws=22.00, j=false },
	{ t=1757320845.1683, cf=CFrame.new(229.8090, 109.4283, -888.1652, -0.2691, -0.0000, 0.9631, -0.0000, 1.0000, 0.0000, -0.9631, -0.0000, -0.2691), ws=22.00, j=false },
	{ t=1757320845.1891, cf=CFrame.new(229.2808, 109.4283, -888.0117, -0.2713, -0.0000, 0.9625, -0.0000, 1.0000, 0.0000, -0.9625, -0.0000, -0.2713), ws=22.00, j=false },
	{ t=1757320845.2035, cf=CFrame.new(228.9287, 109.4283, -887.9094, -0.2724, -0.0000, 0.9622, -0.0000, 1.0000, 0.0000, -0.9622, -0.0000, -0.2724), ws=22.00, j=false },
	{ t=1757320845.2177, cf=CFrame.new(228.5766, 109.4283, -887.8071, -0.2734, -0.0000, 0.9619, -0.0000, 1.0000, 0.0000, -0.9619, -0.0000, -0.2734), ws=22.00, j=false },
	{ t=1757320845.2368, cf=CFrame.new(228.2245, 109.4283, -887.7048, -0.2742, -0.0000, 0.9617, -0.0000, 1.0000, 0.0000, -0.9617, -0.0000, -0.2742), ws=22.00, j=false },
	{ t=1757320845.2577, cf=CFrame.new(227.8723, 109.4283, -887.6025, -0.2749, -0.0000, 0.9615, -0.0000, 1.0000, 0.0000, -0.9615, -0.0000, -0.2749), ws=22.00, j=false },
	{ t=1757320845.2758, cf=CFrame.new(227.5219, 109.4283, -887.4949, -0.2770, -0.0000, 0.9609, -0.0000, 1.0000, 0.0000, -0.9609, -0.0000, -0.2770), ws=22.00, j=false },
	{ t=1757320845.2965, cf=CFrame.new(227.0855, 109.4283, -887.3547, -0.2816, -0.0000, 0.9595, -0.0000, 1.0000, 0.0000, -0.9595, -0.0000, -0.2816), ws=22.00, j=false },
	{ t=1757320845.3292, cf=CFrame.new(226.6511, 109.4283, -887.2087, -0.2877, -0.0000, 0.9577, -0.0000, 1.0000, 0.0000, -0.9577, -0.0000, -0.2877), ws=22.00, j=false },
	{ t=1757320845.3509, cf=CFrame.new(225.9597, 109.4283, -886.9642, -0.2998, -0.0000, 0.9540, -0.0000, 1.0000, 0.0000, -0.9540, -0.0000, -0.2998), ws=22.00, j=false },
	{ t=1757320845.3666, cf=CFrame.new(225.5288, 109.4283, -886.8080, -0.3070, -0.0000, 0.9517, -0.0000, 1.0000, 0.0000, -0.9517, -0.0000, -0.3070), ws=22.00, j=false },
	{ t=1757320845.3868, cf=CFrame.new(225.1868, 109.4283, -886.6756, -0.3141, -0.0000, 0.9494, -0.0000, 1.0000, 0.0000, -0.9494, -0.0000, -0.3141), ws=22.00, j=false },
	{ t=1757320845.4077, cf=CFrame.new(224.8468, 109.4283, -886.5384, -0.3221, -0.0000, 0.9467, -0.0000, 1.0000, 0.0000, -0.9467, -0.0000, -0.3221), ws=22.00, j=false },
	{ t=1757320845.4274, cf=CFrame.new(224.3400, 109.4283, -886.3248, -0.3355, -0.0000, 0.9420, -0.0000, 1.0000, 0.0000, -0.9420, -0.0000, -0.3355), ws=22.00, j=false },
	{ t=1757320845.4463, cf=CFrame.new(224.0053, 109.4283, -886.1750, -0.3454, -0.0000, 0.9384, -0.0000, 1.0000, 0.0000, -0.9384, -0.0000, -0.3454), ws=22.00, j=false },
	{ t=1757320845.4652, cf=CFrame.new(223.5902, 109.4283, -885.9808, -0.3587, -0.0000, 0.9334, -0.0000, 1.0000, 0.0000, -0.9334, -0.0000, -0.3587), ws=22.00, j=false },
	{ t=1757320845.4838, cf=CFrame.new(223.2624, 109.4283, -885.8166, -0.3708, -0.0000, 0.9287, -0.0000, 1.0000, 0.0000, -0.9287, -0.0000, -0.3708), ws=22.00, j=false },
	{ t=1757320845.5031, cf=CFrame.new(222.8563, 109.4283, -885.6041, -0.3866, -0.0000, 0.9222, -0.0000, 1.0000, 0.0000, -0.9222, -0.0000, -0.3866), ws=22.00, j=false },
	{ t=1757320845.5216, cf=CFrame.new(222.5347, 109.4283, -885.4280, -0.3996, -0.0000, 0.9167, -0.0000, 1.0000, 0.0000, -0.9167, -0.0000, -0.3996), ws=22.00, j=false },
	{ t=1757320845.5390, cf=CFrame.new(222.1350, 109.4283, -885.2036, -0.4153, -0.0000, 0.9097, -0.0000, 1.0000, 0.0000, -0.9097, -0.0000, -0.4153), ws=22.00, j=false },
	{ t=1757320845.5536, cf=CFrame.new(221.8171, 109.4283, -885.0209, -0.4270, -0.0000, 0.9043, -0.0000, 1.0000, 0.0000, -0.9043, -0.0000, -0.4270), ws=22.00, j=false },
	{ t=1757320845.5732, cf=CFrame.new(221.5005, 109.4283, -884.8360, -0.4379, -0.0000, 0.8990, -0.0000, 1.0000, 0.0000, -0.8990, -0.0000, -0.4379), ws=22.00, j=false },
